K11 = 1000.0;
K12 = 0.0;
K13 = 375.90532263364349;
K21 = 0.0;
K22 = 500.0;
K23 = 118.17825957762014;
K31 = 0.0;
K32 = 0.0;
K33 = 1.0;

kc1 = -1.0529590681868382;
kc2 = 1.0475960377322129;
kc3 = 0.0;
kc4 = 0.0;
