K11 = 1000.0;
K12 = 0.0;
K13 = 374.98554235533243;
K21 = 0.0;
K22 = 500.0;
K23 = 114.39103018661532;
K31 = 0.0;
K32 = 0.0;
K33 = 1.0;

kc1 = -1.0429320520976231;
kc2 = 1.0944382762766243;
kc3 = 0.0;
kc4 = 0.0;
